2.588284911481520721e-05
9.847162474679279631e-01
1.235699250867026630e-03
9.886039709928353680e-01
1.217156433276787800e-05
1.647419261320442712e-05
4.794164762391137646e-01
9.950021848869113894e-01
9.899696168958530551e-01
7.600774672254721599e-10
3.961927680742177976e-04
9.845515124661187167e-01
9.978351416277626562e-01
9.863052390357973653e-01
3.735180227555258692e-01
3.498683597889796354e-02
1.875838301230681139e-03
9.956944803113068065e-01
1.530718034372652230e-05
9.972223889892911641e-01
9.814655899020108265e-01
1.046094865324124553e-08
9.929604792243340583e-01
2.183328102876430361e-04
9.959140671865340799e-01
1.778810786368323354e-06
9.976433119478795852e-01
6.822966266792282464e-03
1.111568078454194157e-04
5.367057267379278518e-02
7.874145837432284037e-04
9.771727287470286516e-01
9.959150356205568322e-01
9.913105683899958720e-01
4.932208604604597775e-07
6.524376671124436974e-04
4.273390421287561238e-06
9.873737394480923690e-01
9.975745668077027339e-01
4.818870734648867510e-04
4.466918115586520470e-06
1.932558179744397753e-01
7.548747584551634970e-01
8.972586200966924386e-01
2.767758430153942459e-04
9.949699279262264051e-01
7.275210771362783651e-05
9.959709487126450211e-01
7.248065614008699503e-03
1.095136560588449927e-04
9.988053429921885940e-01
1.290952086850137481e-07
9.938267380631580217e-01
2.241362368922801486e-04
7.754407562321935136e-06
9.943490502634035888e-01
9.949699749206116772e-01
8.127233469513787370e-06
2.131065893179300355e-02
9.940925749542595113e-01
3.135243176575577741e-03
9.982937512582229500e-01
4.280994195824370796e-01
9.583768944166787263e-01
9.964228167309835404e-01
9.493080806704368158e-01
1.481402526127790359e-03
3.723732654878651304e-03
8.685337571233953916e-05
4.000826513819420466e-04
9.971198395283907834e-01
9.938407158750405257e-01
9.754189108636819316e-01
9.861251404201777371e-01
9.923087131745523815e-01
1.654707034079978129e-02
9.926604704012634839e-01
2.310024902675099009e-02
9.949075922055703458e-01
2.092459183022196689e-02
6.885110963850474101e-03
9.417219395686891037e-01
7.995825234105166050e-04
9.877989335611528920e-01
1.345526695403580740e-02
9.352958436812469850e-04
5.810655527750898178e-03
9.974730918919879619e-01
9.041864106972680171e-01
3.410693089987063117e-05
9.955764914845924851e-01
6.197509030781635404e-03
9.933589125773603090e-01
8.682391840600798272e-01
9.903051819407814316e-01
9.969120613170433520e-01
1.725127260713357757e-02
9.823215301404475408e-01
1.433932040395681550e-03
4.836388366580750981e-08
1.843093479730165823e-02
7.515478011231675119e-05
2.367236075614622542e-02
9.914709582265809340e-01
9.933084367437445827e-01
9.934766074707165329e-01
9.979240525589526678e-01
9.941823303803360989e-01
2.492903601321987302e-03
9.851344316669957690e-01
8.468344611105273418e-04
8.084270883315215035e-06
9.946988907192277907e-01
4.606626934599290792e-06
1.211063562652537262e-03
9.938596051311749946e-01
3.572327622914594450e-05
1.134240482366047641e-04
9.812882053454574649e-01
2.291755240105178119e-04
9.920033888421477819e-01
9.743816465450528819e-01
9.814711399619001631e-01
1.000837193935973481e-03
9.937432405072632591e-01
2.149290874638760211e-05
9.970674344842871406e-01
9.939044452494207871e-01
9.903378781832605782e-01
1.820934930638904770e-04
3.681941695708263802e-05
2.344417802352876746e-04
1.354387139992837717e-03
5.409725776519078710e-01
9.929321812379675594e-01
1.075986902788589924e-07
1.853688213632959179e-04
9.890321358899557547e-01
3.261441443914137560e-04
9.911944993642757273e-01
5.780994752162327451e-03
5.125967094188316198e-01
5.334835234087801563e-08
9.904923278404906828e-01
2.831742817332911608e-06
2.881240358886765602e-05
9.868853629937225369e-01
1.270271991499271258e-03
1.535309691917253194e-01
9.916425068059863124e-01
3.993545709703741342e-01
9.742677917211327587e-01
1.080460242003374212e-02
3.182753560653560441e-04
9.870600944631384710e-01
9.870814582685260019e-01
2.798180380752740559e-02
2.493994052861893494e-04
1.980169539924131125e-02
9.926436233270138354e-01
9.983779328344799531e-01
9.896117972640866567e-01
4.762667349823170157e-04
7.100145030064403118e-01
2.937923628988517097e-02
8.863195576240235907e-01
9.354586326217003700e-01
9.887709930496004634e-03
9.926759694534371681e-01
9.979598226378577630e-01
1.385323466789251719e-03
9.942240660481678205e-01
3.674592940952382764e-09
5.073713027376931512e-06
2.437145090292158506e-04
9.859916253187337443e-01
9.943835936529294983e-01
8.002978005329947422e-03
8.012781565119210395e-04
9.887488933043084849e-01
3.964714706290003304e-02
9.935564852793976609e-01
9.945868618446593867e-01
9.839937955285464888e-01
9.850041504787372393e-01
6.045870718263247441e-08
9.936933720608184251e-01
9.967798962938164697e-01
1.128008868014117186e-03
9.861618877505817782e-01
1.436702156827388147e-05
9.799855701956400322e-01
9.848864233455552064e-01
9.746356346524931435e-01
9.860950804507863099e-01
9.962071553489602049e-01
7.789403689014665500e-04
1.728426212680849242e-02
9.956674046232483200e-01
1.903369146899169286e-03
4.155108294236459994e-07
9.849026228937444172e-01
9.696698081207638653e-01
9.854606164738708429e-01
9.957627253094567532e-01
9.933147172494219967e-01
9.887195228950954595e-01
3.287697176117624492e-02
9.824408050888989719e-01
9.943391251711261036e-01
9.980296369617615015e-01
9.175703070847800180e-02
7.906209584223092626e-03
7.155039645865078461e-05
9.968014568289464972e-01
9.515337320672981325e-02
1.785148823899582312e-03
4.014484956743247076e-07
1.793432301063515422e-05
9.901697352251329631e-01
9.878495931502973004e-01
9.352166970037968374e-01
1.021626658356034309e-07
9.702650758975053247e-01
9.919084682059771119e-01
9.957788565597724961e-01
1.433609993457816423e-01
1.421979034500181712e-06
7.524135245479576017e-06
9.967905480071762581e-01
9.697579451833941988e-01
9.555675251321582575e-01
8.961478093154910951e-01
1.662884798617789790e-04
9.978324059292567050e-01
4.235104691130736794e-04
9.910794671626238506e-01
1.264582618062676800e-01
9.931411707335813244e-01
9.927802772026644851e-01
8.524481179102059991e-02
5.681783842495832099e-02
1.448544882015661284e-01
9.951564399341017442e-01
9.938553752955381348e-01
2.207804254382770659e-04
2.153011985731712703e-04
5.214688702128742826e-04
9.812330421439715566e-01
3.353021680439877123e-07
5.526923429708761881e-02
9.768756385548388321e-01
1.736436173401218841e-04
2.720561687282819704e-02
2.003678898525419408e-05
2.286224427173519759e-04
9.872619819658036144e-01
9.803196162636489408e-01
8.617857776937968284e-01
9.969329688750996343e-01
1.724229847387136671e-03
9.979079436925869517e-01
9.873473567858558342e-01
3.709004368205851454e-04
9.902229770251841368e-01
9.981363208702692669e-01
3.529042826601044912e-04
8.642435854965820757e-03
6.039429375312565661e-05
1.700571036200041602e-02
9.731527680324251195e-01
9.454324489846125390e-01
9.903196604070184893e-04
7.307809871919484059e-04
2.764623014680279468e-04
9.959019743031340965e-01
9.852234608949176353e-01
9.902331484320879840e-01
2.526849297924862580e-03
9.965063012687219723e-01
9.874593072948513184e-01
9.939968711347036967e-01
5.904719849053077741e-04
1.090587960188301939e-02
9.904769140529436910e-01
6.828104295017932701e-01
2.304032179153354173e-04
9.959092152937353282e-01
9.776816204376395092e-01
4.250307565126081322e-01
6.680913787527782157e-05
9.943770054889510268e-01
6.659580747172009823e-05
1.923505798189404138e-06
7.594751508201673385e-02
6.919075379987206509e-02
1.391126638264976705e-07
9.946753593902728507e-01
1.885422247652047273e-02
9.881005643348553802e-01
8.938324830818278333e-01
9.684140494579868141e-01
1.525193449648946931e-01
1.685278256314700870e-04
9.438769513963143377e-04
9.977295099147284185e-01
2.364459598923580527e-02
1.552129739168158402e-06
9.802961375631903396e-01
8.968323915202239816e-01
9.964810490683481126e-01
2.499982435397074344e-06
1.434670790218525688e-07
5.572255315212605229e-05
5.411930260640778610e-06
9.972643066124292632e-01
8.950630368324971053e-01
2.839312493442752561e-06
1.585258588719327933e-04
1.079348338356337191e-04
1.239141319622766161e-04
6.749752581654515637e-01
2.998826463805234679e-03
2.668767977452055442e-04
2.448435760419528668e-04
6.305102135163701341e-03
9.891031734689056387e-01
9.906899325434300740e-01
9.967450586458516115e-01
9.355583347975902075e-01
1.540601213027968804e-04
9.971270217651009293e-01
9.984126562575051933e-01
1.282485247847937144e-03
9.599911521898683159e-03
9.036841528706733850e-01
9.030678886491438906e-01
7.449086153855152634e-07
9.876853964139074016e-01
1.861824086576104577e-05
9.831087708464106845e-01
1.793316378023889412e-04
1.607899762210063168e-03
9.901841754508415860e-01
4.392030440176950936e-07
2.192954884344997246e-01
9.984988252886148885e-01
1.391895128943901619e-06
9.824069051251428375e-01
1.996869162299109136e-07
3.383287907702028083e-05
9.960051221287791190e-01
9.873892355418522060e-01
2.812952432813888370e-06
1.028327879404522666e-01
1.586764732585678808e-02
1.274630160783352769e-05
1.426503948188083821e-05
3.180687014001586377e-01
2.128417954226829133e-03
2.356323488580564472e-03
2.219947682796200375e-02
1.277653060631989829e-02
1.008034091422919465e-03
9.966711644363354106e-01
1.096945134324809489e-04
9.970272129005319783e-01
1.682070135855472082e-04
8.578509485909284167e-04
9.790074671026747222e-01
1.499827608871733655e-07
9.658220865029047975e-01
9.747273183890954318e-01
9.885521134989317948e-01
9.926172704474649500e-01
3.825141736904570677e-05
9.942927880402526730e-01
9.853606608615748108e-01
9.861135986672904252e-01
9.808001740161713666e-01
9.868483047627668592e-01
5.926360158360154508e-04
9.960692780270963276e-01
9.967179712488704046e-01
9.985854586877904726e-01
4.867299774074356995e-06
5.463338131170348763e-03
4.925884906918904344e-05
9.872987254996185014e-01
2.113513934013698059e-04
1.228710194096420524e-07
3.128916613288822979e-01
9.923912303528453771e-01
8.697315701744433580e-01
1.694143856676358492e-04
1.027875728050574791e-05
5.596826422511307052e-06
9.952788932189969850e-01
7.838192284386926020e-04
9.960380917892458497e-01
8.309197426502537009e-01
8.737280090402959037e-04
1.817690491785680859e-02
3.601231915633943109e-03
9.684618211211166727e-01
3.643898641072030112e-03
9.972208031410839668e-01
8.331010335086882490e-01
9.813365210390611049e-01
2.798194814528396924e-07
9.903568331909027300e-01
8.607787673277217388e-03
4.780477173857150671e-04
1.401269587528525262e-02
3.377262808401715376e-04
1.553168293095470143e-05
9.645060340942859245e-01
9.931837649672932145e-01
3.628087194392417419e-02
8.836747566503349745e-06
9.770132424400050919e-01
9.964655127113842825e-01
9.928092923515883239e-01
9.358471120885284433e-01
2.627725003051484374e-06
2.320472042682788420e-05
6.708103997477803008e-07
7.312294360599830974e-07
9.944329857014305718e-01
7.446332611487416209e-01
9.966068779854579951e-01
5.795973629595247077e-08
2.889603150513792091e-05
1.255295139955267612e-04
5.498398422540288211e-01
9.892568614311626485e-01
9.741425554403068121e-01
2.561868716592872672e-02
4.157008354719734511e-01
9.963640986813153688e-01
6.922615624247066655e-05
9.581501537202036234e-01
1.609165361944196911e-05
1.019083282486684950e-04
9.722604710926270322e-01
9.525155912399931868e-01
1.387596384483952706e-04
6.709057212961773153e-01
9.533693127563749314e-01
9.809117162312249727e-01
9.969911705093297272e-01
4.725367181791230789e-03
1.273359416031744594e-03
8.256815486065169907e-01
2.841003713742286732e-02
6.227466362170585067e-07
9.958894665878071928e-01
4.502725594645284185e-02
5.630828568760862403e-05
1.150473930440766845e-01
2.509536600935294848e-01
5.673784741093714602e-05
9.756193766718194657e-05
9.833529917955433630e-01
9.907159159996039577e-01
8.270905229770600942e-01
7.354023742090928480e-05
9.978159861889434046e-01
9.901917862561103734e-01
3.850665589622496203e-06
9.871490583557758214e-01
9.877269500386328671e-01
1.317865230450763141e-05
9.906047155449280162e-01
6.905546658723015136e-05
3.453026930013292778e-02
2.120784845162567156e-01
1.794809352929503839e-04
9.822888467703826985e-06
1.574118690822998945e-05
9.877464040034982240e-01
9.734653695624510480e-03
9.926633046067677713e-01
9.946387922463290066e-01
2.391236506197073550e-04
9.910279006236749622e-01
9.818788263142386175e-01
9.914119064056159392e-01
9.948855507919157626e-01
9.691848986573913249e-01
4.155527900485674557e-05
4.045484114502042594e-01
3.783567489510660355e-04
9.965278075278087844e-01
9.924223179348884427e-01
9.895628305499141186e-01
8.729170886222712422e-01
3.599390098592798802e-04
9.842972545823800434e-01
8.961958839373527219e-01
9.801775427040453348e-01
9.967582976361077929e-01
9.546479001950001209e-01
9.970419295369991053e-01
9.979442436956172946e-01
1.235339216312264086e-05
9.745881216561030902e-01
2.723629652182440361e-06
9.356965553657714540e-01
9.913574045321565942e-01
3.287824737261217634e-04
3.540168274497864269e-07
2.875976701578255575e-07
3.011543384484298102e-08
1.908298860373488224e-04
7.169655085862520744e-08
9.948976699222185083e-01
5.397372308684187693e-04
9.751614144189674205e-01
1.059634800067405392e-03
9.945895561079477476e-01
1.377017161566806286e-03
9.917440011280515000e-01
2.008537556404697074e-04
9.407757513988473355e-06
2.228766222006303178e-04
8.276626770274820476e-07
9.266137052175066335e-01
9.965967609358942214e-01
9.944231955776232645e-01
9.866188568334820497e-01
9.747656170978266088e-01
2.643656630575194876e-06
9.919004448295559717e-01
9.822508106846989939e-01
9.933820667183390629e-01
9.977720832681307161e-01
1.773254053835480467e-05
4.180989032306492437e-02
9.710706874772967456e-01
9.983334374440033798e-01
5.200299971316277867e-06
9.910198347867432700e-01
4.261311622920349040e-01
8.497129380621561145e-02
9.807491509437185062e-01
2.374774978170978920e-02
1.660814330056477740e-04
9.965228352560753233e-01
1.863123230633226659e-03
9.906443890564585741e-01
9.985401370734443560e-01
4.327099006928838421e-01
9.738393663747783868e-03
6.585444880809043354e-05
9.909197743546943604e-01
9.780895195290627564e-01
1.525078979409984041e-02
1.857039899445851461e-01
2.643171325881268083e-04
9.906125059390284981e-01
9.449269738663397533e-03
6.072789416005830790e-03
9.814130498979865003e-01
9.869991272254919901e-01
6.464165826062352000e-06
9.922468348698776364e-01
3.692524051680818730e-05
3.465999361995159532e-03
1.081827029604570580e-03
9.915622458700552588e-01
9.395528648732784962e-06
5.921730137222460010e-07
3.356704969020128580e-06
9.959670479442579438e-01
9.892375483679801684e-01
9.987878402866467997e-01
9.990668073720518905e-01
9.649758387911339108e-01
9.888701963580749377e-01
6.765107563499797583e-02
9.816229140691578037e-01
3.335176206476663159e-04
4.498896102315032596e-06
9.592976217315680731e-01
9.754962390154783280e-01
9.761501909462724225e-01
9.948170582511002280e-01
2.903178032461820848e-04
3.665656988058407003e-03
8.868894880675796122e-01
9.852012474929879859e-01
9.981558621027728506e-01
1.643334637776556601e-06
9.759417654208178972e-01
5.679178134662931851e-03
9.976589254193541922e-01
9.843359037972609915e-01
1.671977294519808987e-03
9.950237670325383643e-01
9.661004829549189044e-01
2.470455539906079014e-05
9.915522095485495013e-01
9.950727488934488774e-01
9.914578163618827933e-01
9.925070846853687456e-01
3.129695744609519922e-03
7.967564161496668365e-03
9.485148749580172289e-01
3.186142669003479150e-06
4.307942086679188501e-03
9.476960822418177832e-01
9.874078250468750761e-01
1.329524850437087836e-03
4.513563702175435455e-02
3.628830772548336490e-04
9.979521341782797705e-01
9.898719798256612190e-01
8.070632111954097469e-05
9.907421436212587862e-01
9.851514775479439656e-01
8.014373747837676913e-05
9.979062629833104214e-01
2.071937563723799669e-01
9.885483306853027896e-01
7.765280000187036694e-05
6.229722915894785669e-05
9.815343047234083018e-01
9.945993344639442180e-01
8.206664632095658218e-01
9.979232455826303472e-01
9.965804268223369400e-01
1.336906381771157625e-05
9.943217459222256638e-01
9.942338295637400680e-01
5.261962264727246220e-04
9.842684481888118730e-01
3.164703911268145625e-02
2.866693685701281148e-05
9.873490411515263299e-01
3.982914771600344649e-04
1.378765208407373800e-05
9.853460310573440850e-01
1.733740459648743871e-03
8.024612490533350462e-03
3.177052713171824583e-01
1.255977686990169531e-04
9.907378337002944457e-01
1.018063064976138700e-05
9.973979270699575572e-01
9.946159642388344713e-01
9.960043304636795325e-01
1.321046421635624635e-01
9.624058292434382045e-01
9.750920908798389464e-01
9.975517333296664013e-01
3.231313112742073557e-02
1.290814879028008740e-02
4.052716579240045187e-04
9.785117056704275562e-01
4.014827656819896506e-01
9.976290909525670214e-01
1.186746185212661509e-02
9.969817154792358638e-01
1.119264179747965667e-03
9.912535867279338442e-01
3.573075521070955274e-01
2.031120610226810203e-02
1.045676735871237414e-05
9.872927236006384666e-01
2.824195110974282965e-06
1.055302671224131331e-03
2.364016217793575431e-05
2.500356781753979401e-05
9.924067827812130815e-01
1.892497075944921722e-04
9.340593709454397315e-07
9.772157954597093799e-01
1.900011637879471960e-03
9.750509244158066524e-01
9.815204735289734250e-01
9.968954678143744363e-01
8.078529105391064613e-01
1.856454014548790110e-01
3.877339543022882595e-07
1.043147507934722579e-01
8.905209095816121398e-03
2.168980476952606464e-04
2.364681166284730504e-02
6.479609460446149605e-01
9.608679089161162867e-01
8.327216642075084205e-03
9.911236810787354967e-01
9.917165997749389783e-01
2.870862413094437890e-02
9.851746538760203231e-01
1.421989724270247141e-02
4.519158046006709217e-09
9.922334386427303921e-01
3.580269896131519811e-05
9.806872199079510466e-01
9.577275065475279181e-01
4.734824612757113603e-03
9.901313539930814978e-01
1.590768812844768273e-02
1.375273714523645753e-03
1.511033787956197853e-03
2.514454212533693341e-05
9.951288938427131914e-01
9.963069887420832327e-01
9.650281568845133773e-01
9.934064548585342935e-01
9.954558814258759325e-01
9.967461185730291939e-01
5.231091749623262115e-04
9.914939353457105087e-01
9.923195811186349413e-01
9.237973067956770645e-01
9.958678573082900831e-01
1.095597765905573402e-02
9.875883294204951257e-01
3.905263310308689840e-04
4.846480467452085193e-04
1.746118133912502406e-04
9.422271538273737645e-01
9.706491932039054138e-01
9.926577512683045779e-01
9.849533660516851530e-01
1.760402402132868749e-01
9.654339636187301288e-01
9.977963748285517687e-01
9.934044502583261327e-01
1.184757520553920892e-05
2.053474563607226092e-02
9.835858992894515040e-01
9.975190597265088943e-01
1.628507999502441517e-01
9.970163845013944037e-01
2.841703841343482841e-03
9.503642788951149889e-01
9.975074428332727505e-01
3.086840898635912601e-05
9.986439680456025147e-01
7.918862658994933745e-03
1.337873650990864733e-04
6.431115970787379572e-03
7.019369884885063356e-04
1.097956375914100835e-05
1.447971321335101368e-04
4.639579464785771772e-06
9.913521129206837035e-01
9.947904128049596117e-01
2.282731756524519491e-04
9.938860754216911619e-01
1.532856601864131771e-06
9.584343511390749359e-01
5.476317297846140797e-02
9.919618874121178820e-01
2.286963133897690174e-03
9.989390781298287392e-01
9.015030685731394433e-01
3.419557942203391957e-04
9.828969579419077895e-01
9.943339475458399246e-01
9.841571091993707165e-01
9.956540099605457605e-01
9.814108912850164623e-01
9.863231346305716407e-01
9.345173107274882263e-01
4.550928066496375685e-02
9.925375815107857491e-01
1.422886619246567323e-04
9.170170079844777765e-04
6.513613423642951577e-05
5.457993749074422187e-05
9.930873397209012410e-01
1.116446459742545428e-05
9.498283492559760344e-01
8.788581610689868429e-01
1.498858234514015807e-02
2.536870278917038041e-05
9.977095380058439433e-01
9.931220950034086448e-01
2.212430309313004329e-02
1.854818143268171030e-02
3.189618832541540883e-01
1.908034420757358535e-06
1.093922519709145615e-08
8.666136138911324796e-06
9.649728986361787442e-01
9.894470614783754669e-01
9.914911048277490480e-01
2.821537443822053046e-08
8.735205310185975844e-07
9.955895117204871525e-01
9.981963143988776821e-01
9.978732072785101437e-01
9.977158323866485157e-01
6.187307619579138912e-07
9.890721557269036568e-01
1.264755074040520950e-04
9.947176325343166647e-01
3.789957688256138219e-04
7.844868617819633627e-03
9.865300540970666221e-01
9.982521699184209174e-01
1.304015232392409267e-05
9.952952736425859648e-01
9.987336117177181283e-01
9.923254022727860946e-01
9.961629873305429816e-01
1.362172365010868094e-02
9.956838112752699477e-01
3.766984848569711331e-02
9.982620514145601476e-01
7.639185899649996911e-05
1.572909589469420833e-05
1.206589663459393946e-02
1.419164534741304724e-02
9.965300906323912855e-01
9.699842280861860067e-01
9.850410366817204944e-01
9.889650026975460584e-01
2.874055499151178736e-02
9.282300701527185227e-01
2.207825480353676714e-04
9.962883966306891326e-01
8.023828531593776292e-01
8.592924466529914262e-01
9.922956071757568219e-01
1.672650975523871583e-02
2.285246051828462160e-02
2.137735193364626973e-05
9.798384918407883060e-01
9.967553633390139334e-01
6.628712411556619442e-04
9.970680018544826329e-01
3.253296817392120708e-03
9.877217139808132096e-01
9.914427924061134378e-01
3.069055991329424585e-03
9.876813223271815323e-01
6.132533699661069765e-05
9.852575991347132245e-01
1.339354775988682339e-04
1.881956953463189697e-01
9.839218957613835581e-01
9.886647006308109109e-01
9.864034606179948872e-01
3.303703795818977995e-01
9.938813021422764349e-01
9.476782943820419858e-01
9.477325221160796120e-01
9.888211005961904387e-01
9.944771645840493335e-01
9.946400173471219297e-01
9.467277948266247280e-04
9.989819400661327231e-01
8.025901374798145582e-01
8.715610839783713209e-04
1.953592058087108129e-03
2.150233340300021219e-04
9.937176334662731758e-01
9.939460103054812423e-01
9.562326821662444631e-01
1.059389714033823595e-03
6.050489909476997226e-04
9.945863554163113518e-01
5.970885215586421539e-04
9.928824635579988067e-01
1.170362136791986931e-04
9.302678566751161338e-01
9.935568553371489919e-01
9.920874463893584235e-05
9.938148726077294937e-01
1.719819161253786574e-02
9.313782930277936245e-01
3.996109780647088064e-03
8.593562732533028825e-01
5.714046179514959019e-05
1.072595612826049150e-01
9.916198580160142662e-01
2.145572156226674388e-04
9.464968643867152087e-01
9.959243047365176071e-01
9.937319490574119119e-01
3.761343271587688081e-02
6.339086856385387587e-04
9.890769337884467438e-01
3.516893971178377594e-05
9.732053317183750885e-01
9.922380825487395750e-01
1.180193970457951671e-05
9.330239899543280201e-06
9.874252830958870630e-01
5.102343952068239853e-03
9.929753553665716659e-01
9.922367313423994251e-01
5.136916534024048124e-04
3.899850197467248316e-05
9.563011689324931938e-03
5.352248389305359678e-07
2.984925918395586394e-03
9.632607351817115138e-01
2.401440196399908830e-07
9.878978234763510224e-01
9.938386829368932585e-01
6.638585560313768619e-02
9.539148152328499330e-01
9.879679150392730591e-01
9.916716274990446944e-01
1.406109416258073154e-02
9.132839614852404956e-05
9.856049022708629481e-01
9.973586514421278748e-01
8.433071950560313557e-01
4.334187781558861835e-02
9.806037281277821815e-01
9.765084273432634854e-01
2.117484325817772491e-04
7.573894757511213818e-05
9.980622300861261564e-01
9.966278997923986305e-01
1.598534548399495336e-04
9.919633485317472799e-01
1.699232037256879165e-05
9.368812248579797552e-01
2.501170266770468692e-02
2.578123859689029473e-03
1.128178736704244963e-05
8.621300194276199091e-01
1.676509510538348974e-04
2.865424528449076469e-01
3.879292769019197568e-07
9.895488832934545842e-01
9.042995051096378578e-01
9.819641288380001054e-01
6.718226320632527358e-04
4.863622893045819655e-06
1.029877087581339885e-05
9.977600063111033979e-01
4.151072874379884148e-01
2.130691321689442540e-03
3.495628955423309777e-04
4.052517642238781526e-03
7.313859424064868102e-04
9.962472745427137788e-01
9.839970934693599292e-01
9.903662463278726236e-01
5.200449371741386372e-04
5.551100792279967687e-06
7.053399005084078800e-06
5.474421119310656642e-02
9.282857718564234695e-01
1.335368991386889220e-02
1.624895317268987560e-01
9.985143522109398706e-01
9.768468778968634192e-01
3.258576719246834841e-02
7.841394704648985874e-04
3.573017949492758860e-01
8.512734576414871445e-04
3.754925264275618903e-07
9.984929846800119080e-01
9.937239492017709841e-01
9.768192185035639019e-01
6.953390192273646055e-05
5.667084241916263247e-03
9.870646746383312520e-01
5.308373080830540956e-03
8.552826543845653894e-06
1.982330535106879496e-02
3.596690174100092893e-03
8.956977796580371798e-02
1.330759080179167656e-04
9.854188822376483969e-01
2.848827955715414750e-03
9.862564341132389334e-01
1.732072359939539115e-07
9.869553879694270559e-01
8.943089257028858361e-05
9.932417195639297036e-01
9.953720898521379867e-01
1.047941782761572654e-01
8.304574008440217606e-03
9.941513480685145732e-01
1.878978976546062391e-04
3.682213028564813584e-01
3.039942722545722377e-03
7.392269950677322898e-02
9.460668682154066422e-01
8.322447243753327006e-01
9.982531781179018182e-01
1.122297523337744063e-06
9.473722654181432334e-01
9.745141684743124921e-01
9.932719018236498831e-01
9.374208086828813569e-01
9.975783252317402816e-01
7.964546718347217946e-04
9.828590317327717818e-01
9.952635605120470075e-01
7.294197481766738766e-01
5.265635120990449503e-01
9.931951955446206570e-01
6.220956304618515613e-05
3.066766367669344628e-01
9.973918832597138406e-01
9.864419158776093211e-01
3.360905016946642185e-07
9.572466494815885518e-01
9.945034703655781794e-01
1.794364989865667413e-04
9.904737753441892334e-01
9.862716382836833606e-01
9.690337789201273200e-01
5.815365378172539582e-05
9.934362835505490263e-01
9.834413082695446784e-01
1.238064874960486696e-04
9.784836187460230761e-01
9.916547275051975641e-01
3.364075438720590810e-02
1.632042860067431118e-03
5.431310263127930643e-04
1.987019897292349457e-01
9.130136169709492933e-01
9.983439784910234094e-01
9.889620384723039059e-01
9.978316912242916059e-01
9.999319817719271069e-06
3.150770377396627190e-03
9.873235060348963810e-01
7.609444040727626479e-01
9.944037317458068737e-01
9.929089778815413103e-01
9.893670549635203981e-01
2.858393822158054598e-01
9.880620338205615694e-01
9.982732483519581868e-01
1.566828165704415226e-06
9.960126674284268677e-01
9.862763564432972530e-01
1.567275706418021653e-03
9.954248892677978189e-01
9.787208204133664990e-01
9.989045509213813068e-01
2.255866541675982423e-04
2.960694886872824425e-06
4.755052438572533822e-04
9.851913912986540733e-01
3.127444998252372748e-03
2.625754680766706137e-02
9.948884019699023584e-01
9.975784879107751912e-01
9.963642427480967623e-01
1.539628000956944781e-04
2.047529099056952066e-03
9.878475344799041435e-01
1.233348270773518462e-08
8.852426221966116504e-01
2.926523252271598929e-01
9.926170226428732146e-01
4.205788407225172221e-01
9.913121597811764829e-01
5.021257413530058611e-04
9.458098531985397184e-01
9.959516149001256258e-01
9.299905234195614545e-01
4.749904428444602818e-03
1.072776695035412798e-03
7.353615639188977150e-06
9.929495992160685125e-01
7.165081889042564187e-04
8.827977686198610610e-04
2.525455765955225912e-04
8.057302573557657832e-02
6.247615565658996439e-06
1.575979711542658535e-01
1.408550888294991116e-02
2.492853670601601623e-01
9.980196221151690361e-01
6.375258525382617586e-03
4.582255578148807830e-03
9.894771998958283854e-01
9.957184406007537625e-01
4.584929463212005331e-06
9.854452637732734610e-01
9.908327086404394857e-01
9.854342085178605659e-01
8.738936325376897305e-06
1.363438881969616934e-01
9.991361412487523852e-01
9.958074877871877506e-01
1.241306536701154045e-06
9.441254656266873102e-01
1.050062476854815921e-02
9.938562991930544044e-01
9.970699932721546199e-01
7.226258090178391824e-03
1.999363504510831048e-07
1.203453338136302323e-03
1.978895657878153476e-03
3.128979121482320779e-03
9.634080586932048940e-01
1.126414152710182675e-05
9.931492563615864633e-01
9.972532158996624263e-01
9.917586568094273192e-01
9.891323903334090506e-01
5.403389981197394276e-02
9.350909310759674131e-01
6.881999788900671107e-04
9.968836146223379879e-01
9.961031224238576787e-01
9.982969061211834916e-01
9.909393046297942931e-01
9.893452753846466718e-01
9.951033151616927031e-01
9.872118064600634568e-01
9.509842960654583122e-01
1.227135856651207100e-06
1.030151284479362325e-05
9.973708508586800470e-01
2.330960268071194842e-07
2.944486542370020922e-03
9.912775202799606333e-01
6.708808516810785882e-06
1.304856056018361596e-06
9.942672339242916157e-01
3.069836273864196344e-03
6.828955488813076569e-02
1.040441413274671018e-02
9.948196073270108020e-01
4.582304829918472204e-03
7.186518285712488636e-03
9.856066801523051257e-01
2.682752950187994312e-01
9.951462484150116472e-01
9.937374750894746311e-01
9.986462334502428373e-01
8.497775197654635452e-07
3.440547284608860834e-01
1.007719804414248660e-01
9.848076947431493311e-01
7.155508306267943406e-07
9.152183572857334193e-01
1.745047621006392906e-04
4.646195977590032562e-07
9.918794205553053134e-01
3.670520426315526750e-03
5.023747107352932117e-06
2.544099025232754007e-03
9.887365558682980060e-01
9.488925373612473457e-01
9.708027051931560347e-01
2.738908498020508481e-02
9.858391383235065586e-01
2.902945123247820461e-03
9.984059749277723883e-01
9.062176153726377859e-01
9.985533798773320591e-01
2.072320309156528611e-04
9.672135231950808043e-01
1.934298855172082374e-02
1.029228487765103541e-04
9.572880469273032933e-01
8.510117458995940850e-04
9.959807118372447921e-01
9.944625385431244968e-01
9.783983874853958707e-01
9.899873932572041957e-01
5.329882971362420166e-04
2.442675118747871313e-02
1.119818284006552012e-07
9.925651429094309863e-01
1.681023125041715321e-06
9.475365767569084996e-01
9.827028278890773683e-01
1.224201297925520994e-02
9.897265474755116976e-01
9.897145233458727320e-01
9.955681881816473844e-01
2.431586225623659416e-03
6.685436513577670548e-01
6.264455460223927741e-02
9.984125977901442406e-01
6.396035570504077228e-02
9.591592057644146019e-01
1.969126598420291308e-02
4.261320917648051543e-01
2.148842335196273629e-02
9.948812522223190458e-01
2.776548034569752880e-07
2.217399816140806681e-05
6.348850273220450757e-02
9.891552374712200280e-01
9.756617857881307865e-01
4.940638966575678671e-03
4.741041671526780882e-06
9.942573850103868516e-01
5.918474308786915265e-03
9.972107043236890789e-01
3.856928021099586190e-05
9.973064157157741638e-01
9.914921800233968963e-01
1.052391717857641609e-07
9.944325477661952739e-01
1.469842391595638849e-05
9.987800211790439642e-01
9.939012832576038514e-01
9.863953147163697643e-01
9.944933410946168451e-01
9.885947355791548929e-01
2.130186415969947348e-03
9.900046948319869422e-01
9.938045809233359343e-08
9.772301221052622777e-01
9.548015824164961529e-01
9.821363777930792738e-01
1.368693415681286737e-03
1.091352908573922772e-03
9.978511796674099932e-01
1.147068492876202528e-03
9.963215845334741916e-01
1.192042794955687794e-03
9.876607496264534491e-01
1.754956208751198640e-05
9.955237931755782643e-01
2.646534767451274813e-04
3.196602940545114485e-02
4.880637050133630056e-03
9.807962348885778114e-01
6.570611155736119223e-06
9.943790926702698041e-01
7.053210051241195176e-03
3.031488992978211526e-04
9.933682009324885653e-01
1.292448047196574634e-03
9.779301202591261788e-01
6.051861888035349493e-06
9.853964904740567521e-01
9.905646268783221409e-01
4.582043242075271875e-06
1.133434195139421282e-05
7.908809082626175584e-04
9.945950177929592240e-01
9.780143294067710213e-01
9.950367638109112178e-01
9.807774529075466985e-01
9.883980455396239595e-01
9.864150624857991323e-01
9.952574090748015356e-01
1.864755538592092208e-03
1.614685692809844765e-06
1.119533523389464043e-07
1.029462753301511885e-04
9.974734671701952493e-01
1.498240381676655408e-01
9.913666405167804729e-01
9.849103261078512306e-01
1.918393070595701439e-04
1.435227049664505004e-03
5.924773804225235736e-05
9.965620530645545871e-01
9.981454411815702255e-01
9.047911845993292790e-01
9.759046539925176900e-01
1.497335294442071963e-06
9.745951108381738312e-07
1.293199989150916208e-04
9.909072541279319024e-01
8.399452220113757805e-01
2.819251243529912647e-04
9.663873465998940038e-01
9.792795903542826919e-01
9.786573619137189928e-01
3.577687593941175849e-06
2.187969916135950254e-04
9.549951090029225043e-01
2.818010198997504345e-05
7.010720752590640648e-03
9.807434080453604208e-01
9.707562293345504134e-01
9.877164892261931506e-01
5.252127575285565377e-04
1.747109255979288900e-01
2.637933347351409964e-06
3.300160923589894133e-03
9.706986184561038344e-01
9.781868139715989008e-01
2.420040934124193304e-07
4.429082399594351299e-04
4.942096951275501068e-03
9.922564682242622780e-01
9.755460347596618398e-01
9.941972318199653325e-01
6.859382891575825925e-01
1.063405988229798463e-03
8.883766505887795706e-01
9.985369807372400652e-01
1.886413967061303411e-03
8.288595269006105316e-04
5.082925344833685117e-04
1.187147831683580480e-04
9.859504523143838295e-01
9.977095754968189345e-01
4.937201585291229304e-05
6.299172477140847792e-06
4.011156935576546778e-04
9.965226437205761956e-01
2.085220796377437996e-07
5.551492837851853407e-02
9.251020217621462871e-01
3.955083527115136347e-07
8.282838368774610160e-02
1.507055653698907323e-06
9.907558300048567856e-01
5.393261133035551430e-04
9.894447229609443228e-01
9.874809175696057650e-01
1.536596973141223857e-05
4.960252263070059203e-02
9.865523344490763069e-01
1.216721640646893582e-05
9.964214917395366466e-01
4.246233682003097362e-05
9.587636370446822598e-01
9.440782888031693312e-03
2.477936336131742259e-03
9.829239702134647816e-01
9.917682092416585382e-01
9.797934326865643806e-01
9.946801051691099849e-01
3.434668345330921547e-06
1.522311325065310974e-04
8.471405675182596129e-01
9.950400835260140298e-01
1.206474904398878618e-03
9.987946737936871378e-01
9.532682483915203564e-01
1.080733064641564538e-02
9.994829034830580161e-01
1.092682518545199516e-02
9.074344500601313479e-01
9.970103129192245950e-01
9.917024906078870661e-01
9.883162046503969345e-01
5.224351710346813310e-02
3.674361573293840038e-03
9.666847018153075233e-01
5.902746385956961156e-06
2.806608156031397804e-03
9.983400668353379359e-01
1.044649810729429869e-02
2.259677618799535892e-04
9.910850595147591147e-01
8.798118727583874588e-01
3.926728091433816786e-06
8.225494065600368044e-05
1.739482082921400790e-07
3.112831167328440155e-06
8.550480757079247096e-02
9.821487390927480243e-01
1.394635484664538563e-06
3.924694101266442878e-04
1.522682877146032052e-03
2.459195591993747487e-01
9.972426567982711765e-01
1.635008188240901217e-01
1.980582528924306024e-05
8.729184125129961780e-01
1.853773596017305246e-04
7.572469843021955704e-04
9.936198965693584517e-01
9.424088614789417617e-01
9.522369204424109279e-01
9.958327080135920273e-01
6.223354428823428975e-04
6.133303378917291340e-07
9.956469563821620516e-01
9.820085371433756594e-01
4.675338865388368181e-01
2.403605625722434109e-06
3.491058167975271423e-05
9.906304913688889213e-01
3.854716722835512801e-04
9.748347566053242597e-01
9.192554286062940561e-01
2.203104663540029779e-04
4.630351342942431361e-06
9.900262328215946317e-01
9.867018758681687096e-01
9.871335009790295212e-01
3.227745135906818206e-04
1.393090037907785891e-03
9.588848534634965004e-01
9.798243484598478936e-01
4.104323955192335349e-07
4.148064543774836051e-06
3.111197360334905238e-02
9.941919587566596661e-01
4.173783453784617181e-02
9.941935112086132120e-01
9.989731189697862446e-01
9.863987812044791026e-01
9.933528855609522479e-01
9.955565207291382501e-01
9.408557618902493314e-01
9.973269163436019324e-01
4.042721958816485560e-05
9.945685845636523803e-01
9.654630671765528360e-01
9.942914208463828896e-01
9.938064521166352083e-01
9.914000178924616824e-01
3.127181834133130334e-02
9.597472924960297469e-01
9.979649375071873996e-01
7.111589846480023853e-05
7.397284911667282095e-04
2.683044132975358144e-04
9.907872034664082506e-01
9.887065572821137627e-01
9.964261654953935343e-01
4.448343082896598225e-05
9.080838580562512752e-02
3.527956949518126621e-04
9.969502559019035592e-01
9.885423307225622569e-01
9.879823991024634378e-01
9.891832728174114742e-01
9.854390209373312670e-01
7.563235966432128865e-02
1.365924466140363853e-04
9.873272637882121172e-01
6.536652923322348700e-03
2.992732967859600694e-07
9.972426345215799071e-01
9.919122952233248025e-01
9.846504886041889115e-01
4.240312622433056906e-04
1.735521231449240961e-02
5.288151681130129240e-07
5.198784165029117672e-03
6.517730957221741332e-04
6.855322475158632557e-05
4.837006575769395227e-07
9.804157027251949597e-01
9.712973675601288548e-01
9.848511741991544666e-01
3.337364890536517470e-07
9.936745699774276464e-01
9.953336069167335598e-01
9.793612296235720827e-01
4.941941992464482167e-03
9.933988840048499913e-01
4.153886733558074853e-07
1.668303445908027875e-06
6.610969117666588846e-02
1.015546146675037030e-02
9.884301404093140953e-01
4.337305309171162290e-05
9.865885271772280030e-01
6.828332115019382068e-07
9.875020106896449379e-01
2.069629620965663663e-01
1.254216962758639456e-07
1.584884770297613835e-02
9.967143374570650582e-01
8.200435789895733629e-01
9.890558311613075748e-01
9.835958641238258249e-01
7.060960945339041662e-04
2.042661147842345006e-03
2.866992659388126197e-03
9.924957368014755144e-01
9.391772251411771230e-03
9.965525686440053210e-01
9.900117173299821660e-01
8.329944032729554027e-03
1.043947626223139652e-06
9.822680992722111482e-01
9.979782420762278727e-01
8.898285959532522549e-01
9.702083505832795884e-01
3.536229514816977351e-04
3.979687490400228567e-02
5.739404583129944017e-06
9.936662596126772939e-01
8.901724305007470139e-01
9.950871322577685696e-01
9.829483123643336651e-01
1.204087922075322891e-06
2.065247691083455730e-08
1.771933511334719172e-05
9.972136459045458645e-01
3.627100817655501972e-05
9.939784974612596580e-01
2.038576963681581209e-04
5.166920485236417213e-03
8.652342474590818617e-04
2.390038438216100271e-03
9.928760264664258095e-01
9.958064664061960780e-01
9.952040080946157330e-01
1.569097124391835140e-03
1.564003668308172211e-04
9.746392179268591471e-01
9.964767034975084981e-01
9.766214105319739325e-01
9.939595840622863498e-01
6.299679752940377077e-06
9.986690625307309555e-01
9.937549970952139766e-01
9.985121095833733307e-01
9.827842042442282988e-01
9.087094084642205472e-01
9.750335893848973701e-01
9.855108586886505151e-01
7.106124461760846911e-04
9.804072269105805482e-02
9.569480611155493088e-01
1.962248631417378986e-01
4.904372887318531411e-06
9.913020742749063530e-01
9.971491428702866644e-01
9.911376531420315050e-01
7.038005193938732217e-03
4.176812855334410028e-08
9.886281599534498810e-01
7.022950538689766323e-06
9.775639115626267861e-01
5.068763069254050846e-01
9.824743623492460110e-01
9.970172249507011086e-01
9.955533597696725190e-01
1.078805078098512449e-08
7.387086176267578181e-05
9.891787009034103129e-01
1.115494345203461510e-02
1.921692005334726765e-04
5.231028504324019700e-05
9.818086291164098700e-01
9.911074423586908599e-01
8.190666881694340564e-08
9.943894698417725664e-01
9.985810144168945079e-01
9.918527875165940033e-01
9.815404625289552154e-01
9.839734118348664182e-01
6.794014618544808167e-04
9.100034769660718739e-03
9.920088280183985141e-01
9.953247736033720150e-01
9.733912577983880876e-01
9.627069390419999984e-01
1.015460475590844713e-04
9.090889437988105412e-07
1.765832904874893008e-04
6.336482505650360177e-03
6.757734006246357431e-04
4.975291665459590819e-03
6.910650461422211590e-04
9.992199059655327842e-01
2.954635842734114858e-04
3.451103528803941806e-06
9.560703007864387315e-01
1.379341716972405023e-04
2.982904147155362746e-03
1.048059175347009452e-02
2.466730188216039420e-03
5.172904967521212323e-03
1.308316410827890450e-02
9.963062915779384854e-01
9.969147421472135395e-01
4.123972477303089386e-05
9.851885929818953169e-01
9.949174606125517073e-01
5.214304868149464544e-04
2.071393219756157648e-03
2.187405991706516362e-06
7.027681447437989686e-05
9.969371864832980989e-01
9.937463021945225350e-01
2.957523486794692665e-05
2.631017626092013270e-06
9.438821174869622688e-01
9.789428972116070993e-01
9.872230674359595559e-01
1.382264581134324266e-01
7.146923293039933186e-06
9.976419346125399157e-01
9.845024319797017753e-01
9.879110734311391528e-01
9.967817745282113728e-01
4.580838721925662750e-03
8.108974616466968748e-04
1.199281160244126520e-03
3.702196869225197941e-03
7.006404693412937590e-02
8.342858220390708863e-05
6.620878943204534187e-04
2.854747652581066233e-05
1.861718901706141889e-06
4.386049557430938273e-01
4.809614206635715408e-05
9.850667284920057165e-01
8.119970954870344695e-04
9.969983095366784509e-01
9.989451579423390681e-01
9.945272530773942021e-01
7.273448483972028535e-04
1.611784132486099568e-03
9.725822325507184063e-01
9.926610708575061004e-01
6.585890153770202794e-03
9.744863118746576180e-01
8.613972705343247993e-01
6.970092345546305967e-01
9.820486846063654074e-01
7.936004640940086570e-04
9.873380702266033593e-01
9.960678406313512312e-01
2.513863440011136763e-03
4.463635213720787924e-05
9.118128972320758141e-01
9.771858518903159263e-01
1.441807133189734334e-04
1.679890756279541831e-04
9.958927473447621859e-01
1.208737827448650042e-05
9.039702851457286081e-02
9.494815035143857467e-07
9.984622138338239417e-01
9.956216202010964578e-01
7.133057757922999095e-05
2.621495742535891009e-03
9.909439969504051371e-01
1.522346168735277530e-05
9.963157931497041986e-01
8.466722727780510090e-06
4.557335863770103110e-05
5.411030060301473821e-01
6.549239044781279828e-02
9.683797938579999931e-01
9.975363942027298814e-01
9.972261441725571718e-01
9.593052266738795186e-01
9.948349964930535139e-01
9.920432290409687548e-01
1.191357699432372085e-04
5.224833458540215636e-01
9.877956930136325697e-01
9.755229504091650350e-01
9.902079453846600599e-01
9.925238768984491200e-01
2.198884761332409784e-03
9.906506951473283973e-01
4.483379053214934856e-04
9.688400204499517665e-01
9.959096073150376371e-01
7.445462007018291972e-01
9.801650146703828614e-01
9.627471876855486776e-01
8.833266269167932034e-06
9.981326298124186813e-01
9.902640280424116481e-01
9.936972995683831522e-01
9.971540117314119939e-07
9.582649971404941236e-02
6.605696118624544309e-04
3.611072723529239470e-01
1.102452727604239467e-04
9.940036324365801867e-01
9.728469856849357722e-01
9.885951699732620224e-01
6.540424809743795864e-02
1.691625702004718067e-06
9.863877326467280771e-01
2.453982124385611246e-04
9.934071108324894483e-01
7.911986168177670116e-04
9.970893654410536433e-01
9.944723095734951945e-01
9.903279897858955350e-01
1.845478157797835554e-05
9.931112423319684579e-01
4.793917806733870242e-05
1.027056490057398972e-04
9.941355255067374497e-01
8.325363282907297657e-01
2.255309698980999822e-05
4.908506525366352902e-01
9.948595194404735720e-01
9.167276391637926292e-01
9.929002618275885039e-01
9.758618614521560319e-01
9.928992076658967880e-01
1.385629018698253043e-02
6.193284655922784432e-02
9.906725579253385927e-01
9.003601757413517287e-03
9.917021929421704352e-01
9.886505945184984601e-01
1.463789727436459872e-03
9.774388602380070790e-01
3.264397849499902501e-06
9.695854354956898735e-01
9.287803685906131229e-03
9.840231980682565549e-01
4.011855604187028231e-06
9.939912652927141989e-01
9.311224168040793669e-01
2.698120122678179035e-05
1.715407879417417680e-01
9.934940227733703999e-01
5.043493676908155851e-04
2.158414469583162603e-05
1.801942007781706656e-02
9.981852926841745521e-01
5.711320755186466538e-05
1.929859366017382265e-05
1.625046617899535573e-03
9.972087760242521748e-01
1.092524747353302607e-02
1.621378034911607344e-05
3.285308387345291870e-06
4.331634135874942726e-02
9.727374174916117999e-01
9.733017262923308044e-01
4.346281923870885870e-05
1.988619941529225776e-01
1.186055929826868374e-02
1.802733632493814851e-06
9.938584305500861582e-01
9.861938085114708707e-01
1.591620271734317804e-01
9.984213247744017083e-01
9.878243063029727988e-01
4.050565856838933033e-04
9.939945226444713011e-01
1.786129237033277177e-07
9.907923945373950936e-01
9.944212200356381537e-01
7.325453640340162838e-03
1.535981319786153691e-05
9.973415397441638408e-01
9.822076854330528128e-01
8.235767135552984498e-06
1.640248365892704382e-02
2.365638709969986107e-04
9.899538061756891771e-01
6.313441750402146724e-01
4.907256262848014869e-05
2.599502905412016691e-04
9.737046732973591023e-01
9.487197967873451931e-01
2.255704375644683110e-02
9.949105888000523423e-01
9.898336290720017860e-01
1.440029777826570004e-05
9.973728574378017964e-01
9.956848211990102504e-01
9.960924537503345055e-01
9.946533451302361772e-01
9.886920956358165036e-01
9.737461398434833493e-01
9.895207058068545836e-01
9.938121617958483034e-01
3.699287408077158584e-02
9.770969311534000168e-01
2.820871657470198565e-02
9.972031679173578578e-01
7.696250663999756325e-01
4.330373633978913794e-07
9.971381462417947539e-01
9.823037190140210262e-01
9.851096341303076098e-01
9.975414408470743011e-01
9.892831394614562956e-01
3.576065861343891234e-07
9.992044838498351789e-01
1.644008846303191844e-05
2.051962590222451005e-02
7.439782410433253121e-05
6.812690373667751320e-02
9.911020687202218848e-01
9.908557585630202169e-01
5.037655815086957388e-03
1.163657308206884867e-07
9.903744358273537385e-01
8.195002591471517439e-01
1.405105222992439486e-06
9.734964820823507337e-01
9.936758988667552250e-01
9.864343709976820529e-01
7.934591962507820052e-07
9.092669462953335557e-01
9.905174705194019769e-01
3.690186102960964925e-05
4.982111227094924467e-04
9.793887096566626926e-01
9.922013672759169012e-01
9.805636723307545877e-01
1.963637849396578311e-05
3.597720063663026671e-03
1.259491968084424846e-05
9.658337878741806043e-08
9.826545626219665985e-01
9.417693569932117370e-02
4.766023836150413973e-03
9.708459111176549472e-01
9.946433023673646456e-01
3.833460794878684887e-05
2.119675561674223092e-04
4.528114147653567732e-07
9.435258800457059225e-01
9.959953607000024967e-01
1.359657984164923965e-07
1.806382070028410974e-02
9.410051321301553529e-01
3.322762526217276288e-04
1.166013585284204727e-02
9.633654352512835972e-01
3.345013682058732498e-04
5.237224803353167368e-03
6.131549079018072637e-06
1.395266150881768709e-03
5.247227276229897821e-04
4.558709121149432525e-02
2.913625877784142628e-08
9.863633058117063923e-01
1.070701521037170437e-06
2.709824113375599071e-07
9.965344176312209701e-01
9.878329445344801174e-01
2.559289241878761473e-02
2.339975887936419579e-05
5.466115080516505695e-04
9.899063599762571997e-01
9.934237254617701574e-01
9.964091129200290942e-01
1.168694550791596863e-03
9.955715861301108749e-01
2.076971497532864049e-05
2.581635994149682916e-04
1.996221727955143548e-04
1.670239684752521797e-02
7.050643356163658337e-01
9.757668766065463739e-01
9.704500225928512913e-01
7.867154660980709702e-01
9.241983242101654561e-01
9.967443299847393856e-01
8.773355650210003936e-05
9.976015867333465348e-01
2.423563394288920521e-04
6.891446437434021154e-03
3.390443806236763369e-04
2.185177395780228422e-03
4.880553017414743380e-05
1.328857045461686519e-04
9.232922195823648481e-01
9.978127891288183227e-01
9.957455949138546147e-01
6.172842011696668156e-04
9.951626629524107370e-01
9.562324925121995500e-01
7.920643723410155886e-05
4.026252730625769867e-04
9.943196825231476188e-01
9.850326522168789678e-01
1.291478662528219986e-04
5.513066687671133725e-02
6.513774327686967378e-06
9.896808500609899362e-01
9.873507795595340975e-01
9.436686917395166788e-05
9.887383440346728669e-01
2.340076962605953730e-05
9.873374985258523973e-01
9.932496530018679604e-01
9.949975064916626311e-01
7.596895461058461585e-01
8.610700424005220469e-03
9.799197409608160214e-01
7.336335850802588735e-05
1.797861387523727738e-05
1.094058488249037575e-04
9.879132386630745996e-07
9.917873010282871604e-01
9.922923840551546304e-01
1.315982991928100684e-03
9.918303999861661779e-01
9.968540135041661365e-01
3.884732670608852256e-05
9.694664022303395301e-01
1.363836126834075399e-06
9.936629313585604306e-01
3.204439555929480951e-04
9.925023730369624264e-01
5.723077096045667172e-07
7.734337661692403760e-04
9.972462038697849085e-01
1.246660744326913151e-01
9.853413786274269892e-01
1.095666906176272389e-02
9.931976945761615827e-01
3.465471612133628199e-01
9.915952318356427986e-01
9.950688201817849965e-01
9.886133937712544562e-01
7.280287523319169552e-04
2.209370316677308180e-04
9.950733015119322955e-01
1.423596956881589869e-04
9.955586510471761130e-01
9.986819336136294467e-01
1.282744197307894574e-03
7.978164190149544810e-01
9.888730002976923172e-01
1.687912487795273443e-05
9.971622931176197246e-01
5.239319360985105983e-06
9.810225441681735825e-01
1.503642746411980313e-02
9.945107474547089099e-01
1.763188871848381893e-05
9.879418622748131762e-01
9.712731539318373297e-01
9.787059295162215955e-01
9.717495774180575914e-05
3.129839191155143458e-07
9.922158656227280105e-01
9.951843575927858954e-01
9.928862089083230202e-01
9.484235202345653315e-01
1.396054349167113442e-04
9.944326007297369374e-01
2.050960678604710566e-04
9.949852488734665101e-01
9.843073452378097166e-01
1.122679798347869058e-03
9.916738842648522567e-01
9.866564199285385861e-01
9.897978782966004863e-01
9.933649103672199665e-01
9.927550787546373101e-01
9.974646807275178162e-01
2.464949150615608399e-06
7.915065582760737184e-02
1.618154153288688460e-02
8.526421825633709144e-05
7.685185931228267353e-06
4.870761526567076653e-04
9.915335030502142599e-01
9.834606537912338187e-01
9.628191070012447339e-01
2.476491245948670978e-04
3.227619006893408729e-08
3.986180941238847038e-03
2.699167388214836563e-06
1.728757885965387722e-02
1.851441098995817646e-06
9.784979072496145444e-03
9.838892690896354765e-01
9.906434419201852748e-01
9.300904433289806095e-01
1.580340067674854555e-05
3.164193260090263776e-02
1.678994595757338866e-04
9.812132175644300291e-01
7.299400271112726293e-07
9.981836577456363324e-01
9.953674732308546158e-01
7.208740399499737050e-05
9.898906569816900980e-01
9.934950423643221784e-01
9.918278863594932604e-01
9.874606662995726314e-01
2.494605782610341766e-04
3.363362835216750636e-05
9.906664952167613114e-01
8.328335107449391650e-02
2.356298632479747190e-01
9.892128185736330792e-01
1.857810734741573025e-04
6.536859661725563908e-07
4.413910059693228714e-03
2.370622438442771317e-06
9.952361957596614905e-01
2.236869609004796475e-05
1.616997844990998622e-03
9.940177009346351511e-01
9.892022157033577567e-01
9.878697746914013589e-01
9.852894131978897629e-01
1.659070519118177085e-05
9.918380327044886702e-01
9.843919468470210266e-01
5.874398480920443302e-04
9.991173723601804438e-07
2.985064458569829605e-06
9.937363901430122937e-01
5.077584643723114660e-02
2.618533053499137991e-05
2.851963512475411217e-05
9.954448430799649472e-01
9.921802570560247503e-01
5.921548127683217300e-04
9.949834347117147981e-01
9.881776047275151464e-01
9.809920907783177264e-07
9.394214687207642044e-04
5.535650665633723303e-04
9.897414458958048167e-01
9.987458605145395074e-01
8.042413951383322809e-03
2.912616422520146616e-04
8.627216673794084745e-01
4.425956246299855390e-04
9.900124822476652486e-01
9.901392390154751810e-01
5.193565451630238609e-05
5.872114207398636786e-03
9.978735457273160137e-01
9.935259336341816239e-01
5.553966725533183713e-01
2.261028721354173612e-02
4.916428091326496960e-04
9.952974003609327269e-01
9.955743056940924429e-01
2.117656548943442144e-02
9.604534020711261721e-01
3.880463621560306463e-05
3.924165969667207173e-04
1.014290495039300960e-06
9.913390316889544307e-01
1.249800283318317504e-03
9.882684169579336597e-01
9.940324448256576684e-01
9.989093991837335595e-01
5.734809852100267863e-02
9.814612134886876449e-01
6.208070279799337123e-04
9.973915842243257224e-01
2.363499775086552340e-08
1.963811923772619721e-06
4.725191879058006639e-01
4.994469214967674209e-02
9.737630655237224930e-01
9.377053382882582133e-06
6.687964213826690449e-07
1.474084858849210138e-03
9.915792295218539554e-01
6.319603998193265570e-02
9.937695077370881647e-01
9.980867418176835315e-01
9.842448927858589158e-01
1.483965006634716255e-01
9.965164346019230734e-01
9.557398845219069094e-06
9.927648366741331776e-01
4.138113155994905916e-03
9.844509305812035871e-01
8.824479400649415384e-01
9.924623622158841307e-01
6.641276612310831784e-07
9.983926366327411372e-01
8.147070012367969784e-05
4.238060275166312000e-05
9.908309967356575543e-01
1.520167595402954208e-01
9.949192307823495618e-01
2.724552439267596430e-05
1.306074922641337887e-08
6.410774232839771556e-06
2.363729665865638412e-03
9.948234450918580496e-01
9.975555997822153076e-01
1.935518539215800335e-07
9.585787161032097714e-01
1.160082532573061386e-03
1.176490764247571782e-03
3.326197059695531477e-01
9.750538369623512613e-01
1.714883831584136905e-05
3.773307815069386062e-01
1.127128609930102735e-04
9.959671738828798082e-01
2.195897584184263503e-03
9.747200411464905789e-01
8.620452634688303343e-05
9.931061620165095860e-01
9.984640689982687833e-01
9.398690138933046834e-01
1.864681748204898622e-04
9.734202903835980081e-01
9.981431816936772172e-01
9.845308909904634254e-01
9.804551682738735785e-01
9.738661453756710662e-01
9.953980095125946059e-01
6.682537476553905832e-08
3.545654682559947065e-05
1.685755891111478488e-04
9.876014625780625833e-01
4.052656107977985054e-05
9.919791882886234147e-01
9.919798763310319067e-01
9.567251551851723157e-01
3.109381609424792027e-05
9.951958313814287527e-01
9.700269912940053807e-01
1.067803188776854034e-05
6.477017992629938714e-01
7.160903987115697644e-01
9.959163285324057480e-01
1.007943200645438709e-03
9.917446181458881016e-01
9.931163627509866920e-01
8.762704184154588129e-04
9.712775141078159313e-01
9.644149616583536089e-01
9.949153898717488786e-01
4.308734726284606936e-02
3.314468326535372966e-06
3.882353921065019429e-06
9.924331998209433570e-01
9.822532149069521656e-01
9.714665798402322139e-01
8.559752882348192890e-04
9.811644573922290169e-01
6.148293461130043913e-05
9.931003509280288410e-01
9.820019723481825391e-01
5.229691271405200901e-04
9.916313766423680010e-01
3.959022564452641856e-05
9.913871455797428345e-01
1.473023486787474650e-03
1.592153568476303155e-04
9.905997864048158297e-01
9.948175901685751832e-01
2.682324095870718085e-05
9.923680202875503342e-01
9.798255062063634391e-01
9.985531995656272697e-01
9.953309136937086299e-01
9.979446289167814843e-01
6.781166883378252530e-05
1.174964770968812088e-04
9.939124125079118466e-01
1.211636441431270672e-04
9.611981683770779439e-01
9.932389327060163753e-01
1.359912313866468148e-04
1.453334826514200316e-03
9.967828055859395686e-01
2.942061713262809214e-03
2.122649470620849635e-05
9.915527308716475252e-01
2.082753546462127025e-07
1.246900356989606609e-04
9.736824740955681845e-01
3.962099344959690655e-04
9.964388238737774683e-01
9.970536157465674787e-01
4.349047413117858000e-06
8.604299036424944980e-01
4.572424717587646288e-06
1.246923251300679960e-03
9.942998442844838136e-01
4.626408632150401400e-04
9.840533280241222855e-03
2.645036712316977540e-02
5.438275108200227650e-04
4.946351335219676760e-05
1.255169327193167731e-03
9.881740007071012633e-01
8.354609203790066552e-01
9.986706901055607544e-01
4.415005501828605204e-03
9.976240117235894989e-01
9.961401663079294533e-01
9.935376910844709863e-01
3.678975865006738344e-01
9.976995047005359218e-01
9.947397987173064449e-01
1.358303991855644260e-06
2.460077221707014997e-02
1.853310840683446625e-03
3.989840455085058579e-02
1.836844153276112890e-01
9.648661088638719185e-01
1.996748779773599829e-05
7.322675872332865075e-04
3.857596515454149552e-05
4.091177034163440834e-02
3.330140655534757216e-03
1.398176406508402567e-03
2.286038714517205966e-09
2.462825781928736362e-04
9.835583801969616236e-01
9.716836043943506418e-01
2.149914404600918386e-02
9.618791477255042022e-01
6.055657190158992897e-05
9.963533029114225448e-01
3.102100911955866722e-04
9.676794182996241167e-01
5.223028037724283118e-03
5.865390101039756019e-05
7.334397522905775069e-02
1.027326811194862214e-03
9.922800028026581565e-01
6.051751691068714134e-01
9.487973139069525450e-04
3.799306551962735458e-06
2.409951197975698125e-05
6.541092881379075713e-04
9.846449991648374978e-01
1.432920400746239649e-03
2.605192379529794595e-06
9.962133145851872484e-01
2.319152291359690010e-06
2.288561912875185320e-04
9.873487565126787269e-01
6.685450149562416930e-05
6.419096370100433380e-07
9.864401495951617971e-01
9.974290367293378035e-01
9.909446928326924864e-01
9.913890935766374035e-01
9.761325743473787675e-01
2.806407856091884069e-06
2.747200951848557069e-06
9.817699806667782303e-01
1.465110268282296272e-03
3.991820483387702179e-02
9.227466945972931933e-01
9.887575188207525789e-01
9.838721785697959188e-01
9.938162921236264324e-01
4.797849436369075178e-05
6.631241885484400877e-05
2.732324597243343511e-06
9.914465896936798250e-01
9.057725303555816745e-03
9.919365014044895235e-01
3.028614032463951000e-01
9.916322554110899024e-01
2.624019193652112362e-04
9.799892366723471637e-01
1.425748882811817380e-05
9.943302865274699087e-01
1.931167573666276284e-03
9.963915698855342340e-01
9.390457661807909097e-06
1.506918958334980685e-01
1.039595844350705785e-05
9.792537949980553158e-01
6.438627090364548028e-04
9.976855626845861913e-01
9.372778510515390607e-04
9.825200598463242896e-01
3.782852484245432991e-03
9.909492020109678112e-01
9.904720366394327291e-01
4.019058773491271950e-05
3.180308584243306692e-03
9.905129855498013836e-01
9.922945301859991130e-01
5.203026719355866459e-04
9.823909937900461298e-01
9.956690110935381144e-01
9.937277746027775027e-01
3.498001732980200908e-05
9.790048277180033454e-01
9.909720447739770455e-01
2.023845239057371972e-02
9.896601460349988555e-01
9.864442389543559564e-01
5.833060619949780035e-03
9.955228808018875553e-01
4.513116437704651888e-05
1.361242679639515230e-01
5.642474614589059790e-05
9.824097812983992872e-01
2.507202700806579910e-04
9.937252203597793931e-01
9.846172539802017232e-01
9.973689890576724615e-01
3.707830226940814948e-04
9.966598002501897424e-01
9.872111039433493218e-01
9.960984615338650539e-01
9.382864113588703647e-01
9.962600917216676288e-01
9.962937595014519365e-01
9.847091432172556669e-01
4.170283474651246408e-02
3.934530380473807726e-05
6.170866572096509600e-02
9.876283376619150456e-01
6.020374992620410037e-02
9.735380502271845371e-01
9.982770291268252549e-01
6.074463356561721119e-04
9.940726998449339602e-01
2.497146224059829488e-05
1.465904131786702506e-05
1.382022753481188795e-03
9.338911902974151857e-01
9.965480025127879671e-01
9.921565024388345755e-01
1.272436832106698431e-04
9.969734903054737751e-01
1.527930536277173939e-07
9.969226751469776326e-01
9.954502347880104240e-01
1.434899946700796300e-05
9.913635004194601974e-01
7.745926845709598385e-02
9.956293989896373153e-01
2.622690800377234233e-01
9.931711902376743062e-01
3.176662901425049423e-03
9.800219915130419235e-01
9.915870443452240446e-01
1.975229639800944826e-05
5.599323439267091251e-02
6.962705420487683649e-05
2.631460585161667700e-05
1.010608286837807925e-03
9.875461277886244948e-01
1.305515351056299324e-05
9.902653517245314507e-01
9.801886615017223470e-01
9.976630938432047291e-01
9.828723452889238654e-01
9.942358285870100953e-01
9.944560497908911945e-01
9.955486050167047241e-01
1.631776190081187699e-03
3.054678025258805371e-03
6.249799936271353308e-03
9.978662180864330544e-01
9.725786552536233032e-01
9.803866144568839092e-01
9.955385086798907990e-01
9.959309063280360474e-01
9.847527612827280397e-01
9.963317703064930031e-01
9.805831137253626650e-01
9.938319952981963246e-01
1.609444219810852450e-01
3.477219422317014076e-04
5.227368159455176959e-03
9.482817590612424574e-01
2.804024247540788770e-04
1.258683405581952379e-03
5.723559404371237014e-05
9.951361779712086797e-01
9.987392568689742456e-01
1.751171825172003144e-03
1.890503493837802085e-01
6.269071213829893741e-02
6.937784595983720933e-04
9.656636276594458002e-01
7.504183938512459431e-07
9.902323599508282559e-01
3.063725104768621837e-04
9.789127812967020059e-01
2.280784043619021526e-02
9.977132394579134589e-01
9.909195442043057245e-01
9.955465232948472742e-01
3.080428323514182529e-03
9.921839835124622864e-01
9.897211594587270733e-01
9.647856210101471985e-01
7.207441169993562824e-03
1.143414856992443773e-01
4.339977154218581471e-05
3.017428639653296846e-07
9.868522586261782026e-01
5.101503482179036764e-08
1.071293969768567116e-04
1.334081865657261729e-04
9.959905076438559934e-01
2.366942274409190926e-04
9.977157695053112674e-01
1.727829175147745653e-04
1.030362274771770732e-02
2.484163287744197619e-08
9.865964622583275334e-01
6.802748817468708023e-05
7.328177300613393115e-07
