1.345261018606122658e-03
2.809525852807137070e-01
3.191758482044696615e-02
2.334369858953851129e-02
7.163057820946923740e-03
1.008327040021789883e-01
2.218959904519110515e-02
1.790954556504397886e-03
2.410848377804008374e-02
5.553494668204198709e-02
1.070115241975587743e-03
1.035103648725135272e-01
1.586099342664400516e-02
8.475854782878678231e-03
3.900595463551019483e-04
5.536190810645946758e-01
2.309648971230022219e-01
1.434390480918525015e-04
3.232767431413144377e-02
2.743299401438979365e-02
4.316281919368808451e-02
7.125340333807137936e-04
4.442498786903618241e-03
1.166470527369576834e-02
1.968294486068188909e-01
2.117654527942111065e-01
3.084605086318487066e-01
4.996352672026265762e-01
8.838479857912996673e-02
1.806159738101961384e-02
5.817443891608633372e-02
9.322244481141696015e-01
9.088465402390832892e-01
1.184552661931467105e-01
2.211412083149084246e-02
1.863738778993948107e-03
9.106357404182773008e-03
5.948833111053023273e-03
7.974686856482024119e-03
1.828373357752415551e-01
2.899327587866322789e-02
1.527045938783297505e-03
8.218927310945724207e-02
5.864564338810005634e-02
3.938580547510073422e-03
2.705464203533897161e-01
1.777602042774652502e-01
1.380299997171568170e-02
2.354079522815739672e-04
1.829586177426359775e-02
9.849039847561152916e-01
9.892535599316476524e-01
9.967745810240553617e-01
5.915429727123028281e-01
7.369979919947980962e-01
4.911358668634464020e-01
6.550490414512230575e-02
5.648508785963779477e-01
9.937047096725364348e-01
9.990880164674728059e-01
7.680310066132601809e-01
9.985995496920913039e-01
9.458781673637172149e-01
8.735717244294590733e-01
2.200671162999900676e-01
9.946606101594502869e-01
9.215890447583148237e-01
9.977110308239248715e-01
9.945679489669069229e-01
4.131849858129552078e-01
9.898966098267090175e-01
9.967219161214699863e-01
9.998249371625789195e-01
9.881765113239272535e-01
7.612642316321751590e-01
7.598659282980502194e-01
9.959116403489884917e-01
9.904456888639009415e-01
9.608702972441253154e-01
9.297029113399559730e-01
2.295480358749378003e-01
9.664733397141831439e-01
6.908506232179335571e-01
8.981950981439291715e-01
9.992210500280838126e-01
9.942491947615279546e-01
9.442409806595569721e-01
9.945723991740106351e-01
9.905588901508273203e-01
7.281471308049169977e-01
9.398187477668858980e-01
9.429751568374840076e-01
4.354567969794371773e-01
9.994614705987161507e-01
9.435173125299952668e-01
8.902726175446852297e-01
9.869587545513984761e-01
9.954498464177435890e-01
9.996325110530533964e-01
9.369800885471959440e-01
